1	 0.0000001	 0.000	 0	 0
6	 0.0000004	 9.000	 8	 14
11	 0.0000008	 27.000	 22	 43
16	 0.0000011	 50.000	 41	 69
21	 0.0000014	 72.000	 62	 97
26	 0.0000019	 104.000	 90	 138
31	 0.0000023	 133.000	 111	 183
36	 0.0000029	 164.000	 132	 228
41	 0.0000031	 194.000	 163	 249
46	 0.0000039	 222.000	 192	 278
51	 0.0000042	 261.000	 225	 401
56	 0.0000044	 304.000	 244	 399
61	 0.0000056	 331.000	 286	 416
66	 0.0000045	 366.000	 321	 456
71	 0.0000049	 408.000	 354	 483
76	 0.0000054	 452.000	 378	 554
81	 0.0000056	 481.000	 410	 586
86	 0.0000062	 528.000	 455	 678
91	 0.0000070	 568.000	 488	 718
96	 0.0000070	 602.000	 501	 698
101	 0.0000075	 667.000	 545	 851
106	 0.0000079	 688.000	 579	 827
111	 0.0000088	 739.000	 632	 966
116	 0.0000089	 813.000	 671	 998
121	 0.0000092	 830.000	 695	 994
126	 0.0000096	 868.000	 755	 1255
131	 0.0000105	 933.000	 782	 1153
136	 0.0000105	 960.000	 820	 1132
141	 0.0000124	 985.000	 869	 1282
146	 0.0000158	 1052.000	 899	 1338
151	 0.0000119	 1096.000	 978	 1335
156	 0.0000130	 1150.000	 996	 1423
161	 0.0000127	 1183.000	 1047	 1461
166	 0.0000139	 1240.000	 1111	 1452
171	 0.0000147	 1305.000	 1142	 1635
176	 0.0000142	 1329.000	 1177	 1608
181	 0.0000163	 1400.000	 1235	 1818
186	 0.0000159	 1402.000	 1238	 1689
191	 0.0000167	 1464.000	 1265	 1749
196	 0.0000160	 1492.000	 1341	 1785
201	 0.0000167	 1587.000	 1374	 1932
206	 0.0000176	 1586.000	 1365	 1968
211	 0.0000175	 1677.000	 1453	 2202
216	 0.0000179	 1700.000	 1531	 2194
221	 0.0000190	 1785.000	 1562	 2149
226	 0.0000224	 1796.000	 1533	 2131
231	 0.0000205	 1887.000	 1659	 2184
236	 0.0000204	 1934.000	 1733	 2175
241	 0.0000211	 1979.000	 1721	 2319
246	 0.0000209	 2022.000	 1724	 2519
251	 0.0000214	 2097.000	 1858	 2532
256	 0.0000219	 2096.000	 1810	 2516
261	 0.0000233	 2177.000	 1930	 2634
266	 0.0000235	 2193.000	 1987	 2493
271	 0.0000240	 2290.000	 2020	 2649
276	 0.0000242	 2349.000	 2053	 2825
281	 0.0000249	 2376.000	 2128	 2879
286	 0.0000248	 2416.000	 2063	 2918
291	 0.0000255	 2508.000	 2221	 3093
296	 0.0000264	 2540.000	 2270	 3028
301	 0.0000264	 2568.000	 2294	 3269
306	 0.0000269	 2647.000	 2359	 3762
311	 0.0000275	 2711.000	 2369	 3534
316	 0.0000280	 2789.000	 2433	 3178
321	 0.0000283	 2811.000	 2557	 3496
326	 0.0000297	 2878.000	 2525	 3622
331	 0.0000295	 2897.000	 2544	 3445
336	 0.0000301	 2974.000	 2531	 3517
341	 0.0000306	 3073.000	 2676	 3848
346	 0.0000313	 3058.000	 2606	 3663
351	 0.0000319	 3110.000	 2697	 3663
356	 0.0000320	 3188.000	 2813	 3969
361	 0.0000326	 3266.000	 2879	 3873
366	 0.0000332	 3332.000	 2935	 4023
371	 0.0000366	 3327.000	 2964	 4061
376	 0.0000344	 3391.000	 3037	 4117
381	 0.0000345	 3437.000	 3117	 4439
386	 0.0000356	 3564.000	 3098	 4118
391	 0.0000358	 3615.000	 3220	 4693
396	 0.0000362	 3600.000	 3177	 4317
401	 0.0000370	 3651.000	 3245	 4687
406	 0.0000371	 3669.000	 3286	 4231
411	 0.0000381	 3755.000	 3371	 4355
416	 0.0000381	 3843.000	 3374	 5111
421	 0.0000394	 3924.000	 3440	 4606
426	 0.0000393	 4047.000	 3533	 4896
431	 0.0000397	 3968.000	 3474	 4728
436	 0.0000406	 4086.000	 3703	 4814
441	 0.0000411	 4204.000	 3744	 5169
446	 0.0000413	 4165.000	 3729	 5095
451	 0.0000421	 4244.000	 3786	 5175
456	 0.0000427	 4319.000	 3957	 5091
461	 0.0000435	 4365.000	 3907	 5260
466	 0.0000434	 4378.000	 3967	 5056
471	 0.0000446	 4546.000	 4050	 5392
476	 0.0000448	 4519.000	 4032	 5172
481	 0.0000455	 4626.000	 4113	 5644
486	 0.0000461	 4618.000	 4179	 5589
491	 0.0000466	 4676.000	 4179	 5670
496	 0.0000471	 4807.000	 4336	 5813
501	 0.0000475	 4836.000	 4401	 6075
506	 0.0000486	 4845.000	 4378	 5729
511	 0.0000480	 4909.000	 4485	 5876
516	 0.0000491	 4935.000	 4470	 6142
521	 0.0000496	 5073.000	 4463	 5936
526	 0.0000501	 5068.000	 4524	 5774
531	 0.0000504	 5129.000	 4550	 5809
536	 0.0000516	 5264.000	 4682	 6118
541	 0.0000514	 5285.000	 4646	 6408
546	 0.0000525	 5325.000	 4864	 6291
551	 0.0000526	 5366.000	 4823	 6169
556	 0.0000531	 5447.000	 4764	 6080
561	 0.0000540	 5493.000	 5051	 6272
566	 0.0000547	 5578.000	 4897	 6677
571	 0.0000552	 5534.000	 5026	 6394
576	 0.0000551	 5598.000	 5022	 6306
581	 0.0000561	 5772.000	 5137	 6674
586	 0.0000568	 5827.000	 5191	 7009
591	 0.0000568	 5820.000	 5342	 6758
596	 0.0000582	 5956.000	 5326	 6598
601	 0.0000580	 6034.000	 5348	 6879
606	 0.0000589	 6127.000	 5419	 6878
611	 0.0000590	 6009.000	 5346	 6770
616	 0.0000595	 6193.000	 5474	 7214
621	 0.0000607	 6279.000	 5610	 7941
626	 0.0000605	 6176.000	 5524	 7143
631	 0.0000623	 6390.000	 5656	 7847
636	 0.0000619	 6427.000	 5796	 7988
641	 0.0000628	 6508.000	 5669	 8968
646	 0.0000634	 6585.000	 5911	 7655
651	 0.0000636	 6593.000	 6043	 7721
656	 0.0000654	 6699.000	 6049	 7741
661	 0.0000653	 6715.000	 6019	 7815
666	 0.0000652	 6741.000	 6118	 7847
671	 0.0000658	 6847.000	 6247	 7542
676	 0.0000669	 6868.000	 6269	 7936
681	 0.0000669	 6968.000	 6209	 7935
686	 0.0000686	 7133.000	 6140	 9277
691	 0.0000680	 7099.000	 6431	 8886
696	 0.0000681	 7045.000	 6304	 8142
701	 0.0000703	 7237.000	 6558	 8696
706	 0.0000703	 7323.000	 6339	 8769
711	 0.0000712	 7373.000	 6581	 8856
716	 0.0000711	 7433.000	 6544	 8619
721	 0.0000712	 7331.000	 6808	 8299
726	 0.0000725	 7543.000	 6643	 9455
731	 0.0000727	 7538.000	 6840	 8258
736	 0.0000730	 7641.000	 6932	 8713
741	 0.0000742	 7789.000	 6999	 9754
746	 0.0000749	 7640.000	 6924	 9065
751	 0.0000746	 7842.000	 7228	 9028
756	 0.0000751	 7936.000	 7212	 9381
761	 0.0000770	 7952.000	 7033	 9758
766	 0.0000773	 8012.000	 7299	 9890
771	 0.0000771	 8006.000	 7231	 9316
776	 0.0000778	 8118.000	 7236	 9711
781	 0.0000787	 8154.000	 7344	 9334
786	 0.0000792	 8329.000	 7426	 10284
791	 0.0000798	 8368.000	 7563	 9541
796	 0.0000802	 8388.000	 7454	 10559
801	 0.0000817	 8475.000	 7596	 9915
806	 0.0000819	 8514.000	 7764	 9471
811	 0.0000827	 8574.000	 7660	 10320
816	 0.0000830	 8548.000	 7533	 9514
821	 0.0000834	 8755.000	 8004	 9928
826	 0.0000837	 8755.000	 7846	 10203
831	 0.0000841	 8735.000	 7793	 9987
836	 0.0000846	 8991.000	 8237	 10626
841	 0.0000848	 8906.000	 7938	 9872
846	 0.0000855	 8921.000	 8112	 10037
851	 0.0000865	 9003.000	 8004	 10395
856	 0.0000869	 9164.000	 8160	 11165
861	 0.0000868	 9095.000	 8306	 10307
866	 0.0000883	 9295.000	 8280	 11225
871	 0.0000889	 9398.000	 8191	 11429
876	 0.0000900	 9518.000	 8475	 11110
881	 0.0000897	 9445.000	 8607	 11111
886	 0.0000903	 9592.000	 8670	 11123
891	 0.0000912	 9477.000	 8655	 11294
896	 0.0000917	 9558.000	 8648	 10896
901	 0.0000932	 9719.000	 8777	 11347
906	 0.0000923	 9817.000	 8851	 11505
911	 0.0000940	 9900.000	 8927	 11797
916	 0.0000938	 9904.000	 9017	 11565
921	 0.0000945	 9936.000	 9087	 11814
926	 0.0000958	 10108.000	 9103	 11854
931	 0.0000955	 10138.000	 8769	 11489
936	 0.0000955	 10112.000	 9385	 11358
941	 0.0000981	 10289.000	 9273	 12187
946	 0.0000971	 10254.000	 9411	 11584
951	 0.0000975	 10403.000	 9535	 14350
956	 0.0000988	 10343.000	 9388	 13568
961	 0.0000989	 10343.000	 9414	 11735
966	 0.0001025	 10646.000	 9363	 13670
971	 0.0001033	 10662.000	 9600	 11975
976	 0.0001020	 10727.000	 9730	 12499
981	 0.0001020	 10815.000	 9889	 13660
986	 0.0001029	 10758.000	 9930	 12161
991	 0.0001030	 10864.000	 9957	 12238
996	 0.0001044	 10950.000	 9799	 12568
