Tamaño:	Tiempo promedio:	Promedio OB:	Min OB:	Max OB
1	 0.0000002	 0.000	 0	 0
6	 0.0000005	 10.000	 8	 15
11	 0.0000010	 28.000	 22	 41
16	 0.0000012	 52.000	 39	 85
21	 0.0000016	 76.000	 60	 110
26	 0.0000020	 107.000	 84	 155
31	 0.0000023	 135.000	 114	 168
36	 0.0000024	 166.000	 133	 229
41	 0.0000029	 200.000	 160	 267
46	 0.0000032	 227.000	 191	 273
51	 0.0000035	 261.000	 230	 343
56	 0.0000042	 304.000	 254	 429
61	 0.0000041	 341.000	 296	 487
66	 0.0000046	 378.000	 317	 564
71	 0.0000049	 412.000	 352	 524
76	 0.0000053	 452.000	 401	 585
81	 0.0000057	 502.000	 418	 640
86	 0.0000067	 522.000	 429	 670
91	 0.0000066	 578.000	 497	 738
96	 0.0000071	 617.000	 534	 829
101	 0.0000075	 644.000	 569	 803
106	 0.0000079	 693.000	 574	 861
111	 0.0000082	 735.000	 660	 879
116	 0.0000088	 793.000	 675	 940
121	 0.0000092	 844.000	 683	 1053
126	 0.0000102	 874.000	 768	 1102
131	 0.0000100	 922.000	 796	 1131
136	 0.0000109	 971.000	 843	 1206
141	 0.0000138	 982.000	 858	 1177
146	 0.0000118	 1059.000	 928	 1302
151	 0.0000120	 1114.000	 952	 1334
156	 0.0000129	 1120.000	 990	 1385
161	 0.0000128	 1182.000	 1062	 1421
166	 0.0000134	 1249.000	 1091	 1561
171	 0.0000139	 1313.000	 1109	 1669
176	 0.0000142	 1329.000	 1163	 1532
181	 0.0000146	 1372.000	 1144	 1640
186	 0.0000150	 1424.000	 1271	 1747
191	 0.0000156	 1446.000	 1260	 1780
196	 0.0000161	 1540.000	 1307	 1921
201	 0.0000170	 1582.000	 1358	 1795
206	 0.0000171	 1620.000	 1406	 1933
211	 0.0000181	 1663.000	 1444	 2106
216	 0.0000183	 1731.000	 1513	 2263
221	 0.0000194	 1760.000	 1545	 2281
226	 0.0000210	 1884.000	 1669	 2273
231	 0.0000258	 1849.000	 1652	 2242
236	 0.0000207	 1905.000	 1695	 2273
241	 0.0000213	 1953.000	 1748	 2443
246	 0.0000218	 1978.000	 1810	 2397
251	 0.0000218	 2060.000	 1828	 2577
256	 0.0000219	 2109.000	 1868	 2991
261	 0.0000230	 2172.000	 1905	 2633
266	 0.0000239	 2268.000	 1994	 2818
271	 0.0000244	 2291.000	 1975	 2705
276	 0.0000247	 2280.000	 2035	 2491
281	 0.0000252	 2372.000	 2155	 2844
286	 0.0000262	 2447.000	 2135	 3040
291	 0.0000261	 2484.000	 2219	 3146
296	 0.0000259	 2509.000	 2242	 2919
301	 0.0000281	 2590.000	 2311	 3264
306	 0.0000268	 2635.000	 2374	 3180
311	 0.0000274	 2650.000	 2339	 3076
316	 0.0000279	 2748.000	 2491	 3365
321	 0.0000288	 2802.000	 2501	 3443
326	 0.0000290	 2894.000	 2529	 3568
331	 0.0000297	 2877.000	 2544	 3419
336	 0.0000313	 2915.000	 2582	 3389
341	 0.0000310	 2995.000	 2635	 3526
346	 0.0000320	 3071.000	 2610	 3678
351	 0.0000317	 3180.000	 2805	 3719
356	 0.0000325	 3202.000	 2808	 3863
361	 0.0000340	 3221.000	 2855	 4635
366	 0.0000374	 3265.000	 2921	 3861
371	 0.0000346	 3359.000	 2905	 3876
376	 0.0000343	 3405.000	 2991	 3860
381	 0.0000349	 3466.000	 2991	 3961
386	 0.0000349	 3472.000	 3063	 3957
391	 0.0000358	 3581.000	 3093	 4406
396	 0.0000360	 3584.000	 3225	 4157
401	 0.0000366	 3696.000	 3158	 4596
406	 0.0000369	 3656.000	 3241	 4370
411	 0.0000377	 3765.000	 3418	 4595
416	 0.0000385	 3840.000	 3421	 4556
421	 0.0000391	 3954.000	 3444	 5014
426	 0.0000392	 3895.000	 3568	 4613
431	 0.0000398	 3987.000	 3481	 4759
436	 0.0000407	 4074.000	 3614	 4984
441	 0.0000410	 4167.000	 3676	 4996
446	 0.0000419	 4162.000	 3640	 5056
451	 0.0000424	 4222.000	 3708	 4745
456	 0.0000429	 4277.000	 3831	 4977
461	 0.0000433	 4397.000	 3840	 5067
466	 0.0000439	 4416.000	 3936	 5021
471	 0.0000444	 4518.000	 3938	 5502
476	 0.0000445	 4488.000	 3998	 5414
481	 0.0000455	 4569.000	 4039	 5396
486	 0.0000461	 4633.000	 4174	 5790
491	 0.0000467	 4714.000	 4179	 5606
496	 0.0000468	 4697.000	 4298	 5617
501	 0.0000482	 4840.000	 4350	 5818
506	 0.0000485	 4944.000	 4363	 6431
511	 0.0000484	 4955.000	 4278	 5756
516	 0.0000497	 4976.000	 4467	 6164
521	 0.0000492	 4997.000	 4476	 5765
526	 0.0000504	 5130.000	 4481	 5851
531	 0.0000507	 5189.000	 4669	 6716
536	 0.0000512	 5233.000	 4598	 6230
541	 0.0000519	 5285.000	 4734	 6339
546	 0.0000523	 5317.000	 4880	 6414
551	 0.0000529	 5469.000	 4707	 6562
556	 0.0000538	 5453.000	 4858	 6356
561	 0.0000535	 5436.000	 4914	 6391
566	 0.0000553	 5586.000	 5008	 6970
571	 0.0000550	 5613.000	 5124	 6480
576	 0.0000553	 5713.000	 5092	 6503
581	 0.0000558	 5819.000	 5096	 6540
586	 0.0000566	 5732.000	 5056	 6550
591	 0.0000575	 5912.000	 5317	 7091
596	 0.0000580	 5916.000	 5381	 7526
601	 0.0000583	 6082.000	 5355	 7409
606	 0.0000587	 5971.000	 5375	 6822
611	 0.0000597	 6053.000	 5351	 7095
616	 0.0000606	 6207.000	 5357	 8109
621	 0.0000603	 6276.000	 5494	 7451
626	 0.0000608	 6316.000	 5682	 7113
631	 0.0000623	 6412.000	 5687	 8052
636	 0.0000630	 6415.000	 5674	 7670
641	 0.0000623	 6482.000	 5832	 7492
646	 0.0000641	 6453.000	 5831	 7717
651	 0.0000641	 6535.000	 5910	 7737
656	 0.0000648	 6720.000	 5960	 8043
661	 0.0000650	 6774.000	 6131	 8066
666	 0.0000654	 6705.000	 6102	 8340
671	 0.0000664	 6794.000	 6102	 8225
676	 0.0000664	 6942.000	 6075	 8221
681	 0.0000684	 7093.000	 6216	 8367
686	 0.0000679	 7082.000	 6299	 8043
691	 0.0000689	 7131.000	 6509	 8311
696	 0.0000696	 7416.000	 6450	 8829
701	 0.0000698	 7183.000	 6497	 8411
706	 0.0000700	 7263.000	 6482	 8813
711	 0.0000704	 7273.000	 6530	 8429
716	 0.0000717	 7334.000	 6508	 8890
721	 0.0000717	 7418.000	 6733	 8884
726	 0.0000723	 7615.000	 6754	 8652
731	 0.0000729	 7627.000	 6634	 8782
736	 0.0000736	 7676.000	 6744	 9959
741	 0.0000742	 7656.000	 6646	 8746
746	 0.0000746	 7794.000	 6917	 9030
751	 0.0000758	 7921.000	 7115	 9509
756	 0.0000757	 7930.000	 7241	 9297
761	 0.0000762	 7865.000	 6875	 9203
766	 0.0000773	 7925.000	 7310	 9079
771	 0.0000774	 8071.000	 7368	 9498
776	 0.0000781	 8147.000	 7283	 9675
781	 0.0000790	 8129.000	 7250	 9166
786	 0.0000788	 8272.000	 7466	 9428
791	 0.0000794	 8501.000	 7619	 9493
796	 0.0000809	 8463.000	 7402	 9720
801	 0.0000806	 8505.000	 7791	 9746
806	 0.0000816	 8513.000	 7560	 9856
811	 0.0000820	 8649.000	 7760	 9694
816	 0.0000827	 8621.000	 7888	 10582
821	 0.0000829	 8647.000	 7593	 9861
826	 0.0000843	 8830.000	 7915	 9901
831	 0.0000845	 8926.000	 8007	 10073
836	 0.0000847	 8786.000	 7982	 10181
841	 0.0000863	 9005.000	 8142	 10416
846	 0.0000863	 9044.000	 7961	 10539
851	 0.0000869	 9182.000	 8004	 10889
856	 0.0000870	 9121.000	 8149	 10353
861	 0.0000882	 9215.000	 8315	 11204
866	 0.0000894	 9235.000	 8206	 10387
871	 0.0000890	 9389.000	 8557	 10791
876	 0.0000902	 9453.000	 8218	 11069
881	 0.0000908	 9441.000	 8567	 11067
886	 0.0000903	 9431.000	 8544	 10625
891	 0.0000909	 9556.000	 8558	 10811
896	 0.0000912	 9650.000	 8766	 11125
901	 0.0000920	 9497.000	 8389	 10626
906	 0.0000930	 9769.000	 8716	 11309
911	 0.0000934	 9916.000	 8702	 11700
916	 0.0000942	 9950.000	 8889	 11171
921	 0.0000945	 9909.000	 9040	 11412
926	 0.0000956	 9903.000	 9217	 12156
931	 0.0000959	 10084.000	 9155	 12026
936	 0.0000969	 10207.000	 9318	 11686
941	 0.0000971	 10131.000	 9325	 11370
946	 0.0000976	 10305.000	 9067	 11940
951	 0.0000988	 10363.000	 9288	 11464
956	 0.0001002	 10380.000	 9424	 11970
961	 0.0001001	 10610.000	 9437	 13680
966	 0.0000996	 10428.000	 9512	 11754
971	 0.0001008	 10502.000	 9564	 12599
976	 0.0001011	 10682.000	 9700	 12199
981	 0.0001027	 10775.000	 9748	 12438
986	 0.0001021	 10790.000	 9852	 12547
991	 0.0001026	 10623.000	 9909	 12852
996	 0.0001042	 10879.000	 10004	 12523
